 -1.5747000e-001
 -1.5747000e-001
 -1.5747000e-001
 -1.5750200e-001
 -1.5747000e-001
 -1.5747000e-001
 -1.5750200e-001
 -1.5743800e-001
 -1.5750200e-001
 -1.5750200e-001
 -1.5750200e-001
 -1.5747000e-001
 -1.5747000e-001
 -1.5747000e-001
 -1.5753500e-001
 -1.5743800e-001
 -1.5750200e-001
 -1.5747000e-001
 -1.5747000e-001
 -1.5747000e-001
 -1.5750200e-001
 -1.5750200e-001
 -1.5747000e-001
 -1.5747000e-001
 -1.5747000e-001
 -1.5750200e-001
 -1.5743800e-001
 -1.5747000e-001
 -1.5747000e-001
 -1.5750200e-001
 -1.5750200e-001
 -1.5747000e-001
 -1.5753500e-001
 -1.5747000e-001
 -1.5750200e-001
 -1.5740500e-001
 -1.5747000e-001
 -1.5737300e-001
 -1.5737300e-001
 -1.5721100e-001
 -1.5708100e-001
 -1.5685400e-001
 -1.5665900e-001
 -1.5643200e-001
 -1.5636700e-001
 -1.5630200e-001
 -1.5623700e-001
 -1.5636700e-001
 -1.5649700e-001
 -1.5675600e-001
 -1.5698300e-001
 -1.5721100e-001
 -1.5737300e-001
 -1.5747000e-001
 -1.5747000e-001
 -1.5756700e-001
 -1.5756700e-001
 -1.5750200e-001
 -1.5750200e-001
 -1.5756700e-001
 -1.5756700e-001
 -1.5750200e-001
 -1.5750200e-001
 -1.5750200e-001
 -1.5756700e-001
 -1.5750200e-001
 -1.5756700e-001
 -1.5747000e-001
 -1.5756700e-001
 -1.5747000e-001
 -1.5753500e-001
 -1.5747000e-001
 -1.5753500e-001
 -1.5753500e-001
 -1.5750200e-001
 -1.5756700e-001
 -1.5747000e-001
 -1.5750200e-001
 -1.5750200e-001
 -1.5753500e-001
 -1.5750200e-001
 -1.5753500e-001
 -1.5747000e-001
 -1.5750200e-001
 -1.5750200e-001
 -1.5750200e-001
 -1.5750200e-001
 -1.5750200e-001
 -1.5753500e-001
 -1.5747000e-001
 -1.5750200e-001
 -1.5747000e-001
 -1.5753500e-001
 -1.5747000e-001
 -1.5750200e-001
 -1.5747000e-001
 -1.5753500e-001
 -1.5750200e-001
 -1.5753500e-001
 -1.5747000e-001
 -1.5747000e-001
